 TABLEAU N°6
COMPTES DU PILOTAGE (en L:t)

 

 

 

ANNÉES DÉPENSES RECETTES BÉNÉFICES
1729 11.193 12.572 1.379
1730 12.964 14.949 1.985
1731 12.430 14.245 1.815
1732 13.684 14.278 594
1733 14.531 16.353 1.822
1734 13.583 14.579 996
1735 12.449 14.498 2.049
1736 14.551 15.334 783
1737 14.996 17.704 2.708
1738 13.788 15.916 2.128
1739 14.922 17.310 2.388
1740 16.810 22.160 5.350
1741 18.876 21.143 2.267 «1)
1742 16.914 14.437 — 2477
1743 16.889 18.988 2.099
1744-45 — = =
1746 6.854 9.876 3.022
1747 6.626 7.370 744
1749 24.367 16.568 — 7.799 (2)
1750 16.703 17.068 365
1751 16.089 15.751 — 338
1752 17.120 19.542 2.422
1753 15.656 16.087 431
1754 22.222 16.929 — 5.293(3)
1755 15.205 17.363 2.158
1756 10.938 11.418 480
1757 10.790 10.393 — 397
1758 13.240 10.557 — 2.683
1759 13.829 7.488 — 6.341
1760 8.052 8.199 147
1761 10.043 11.016 973
1762 10.362 9.485 — 877
1767 24.338 28.951 4.613
1787 45.160 47.279 2.119

 

 

 

 

Source : recettes mensuelles 1740-1762 et A.C. Dk, No 340

 
